-994.5486968477693
-994.3248080197807
-994.3237009270466
-994.3228915323771
-994.3217669715494
-994.3146461133483
-994.3146206432749
-994.3132719610718
-994.2998167063517
-994.1314091883595
-994.1296393824754
-994.1059810118888
-994.103809489046
-994.0591652640425
-994.0583589403676
-994.0357687485889
-994.0335607175338
-994.0220164056308
-993.9306374060511
-993.8792268513456
-993.8692184481772
-993.8679589390213
-993.8678242083396
-993.8666671188594
-993.8436034984015
-993.8428817996952
-993.8421619323846
-993.8240483194382
-993.8240161875314
-993.8160379259399
-993.7840930592803
-993.7828432965804
-993.7694963141305
-993.6945348456006
-993.6910648815415
-993.6872867597018
-993.6822452169816
-993.6822038300213
-993.6821429140117
-993.6812604979766
-993.5594815117709
-993.5426325776024
-993.5060900319123
-993.381728154072
-993.3696195612729
-993.3583588281688
-993.3565285580047
-993.3458739406134
-993.1966036400132
-993.0339546572111
-992.9972028105267
-992.9925205806877
-992.9117111862523
-992.8493854599783
-992.3952624328305
