-972.455553177113
-972.4445892505613
-972.4067349361819
-972.2692534777532
-972.2689514226203
-972.2683617175132
-972.2679339314437
-972.2674374195637
-972.2664797854121
-972.2654165587621
-972.2631604850435
-972.2617967717749
-972.2599683169904
-972.2571612022961
-972.2042729307982
-972.1760842097373
-972.1667280205928
-972.15907438608
-972.1544839585168
-972.1502399988664
-972.149597625341
-972.1494721051718
-972.1473734308714
-972.1426123426472
-972.137209681885
-972.1277794256968
-972.1082409209082
-972.0840154798383
-972.0747849968475
-972.0698655856781
-972.0626725659772
-972.0321330534897
-971.9976728438422
-971.9891098107405
-971.9841903775351
-971.9511163174681
-971.9410969188408
-971.9366876825113
-971.875200151258
-971.8534297802001
-971.8354956609198
-971.8332645241577
-971.8289461933203
-971.7773570548702
-971.775562124797
-971.7748702053589
-971.7181578992149
-971.6944861101347
-971.6594911934953
-971.5892821842191
-971.5888380210401
-971.5850098677012
-971.5560808388904
-971.5545966529454
-971.5442187770668
-971.5369416685405
-971.5360018192492
-971.4969986531723
-971.4826460382006
-971.4541308970623
-971.4148051365368
-971.3719609729056
-971.318801805093
-971.2924995039899
-971.2797380924472
-971.2648065314822
-971.2554339003811
-971.2547148351922
-971.2260067373821
-971.1777444799781
-971.1771766213275
-971.1334432419316
-971.0932102610318
-971.0503729381446
-970.9551265667839
-970.9509111583843
-970.92650753058
-970.9241293242839
-970.9237794031375
-970.9222801388975
-970.9114330029864
-970.9068419466371
-970.8893244561135
-970.7939895121262
-970.7770036806137
-970.7702524308743
-970.748222894736
-970.6808228696968
-970.6758391735931
-970.6751519476376
-970.5200178129492
-970.4807477029983
-970.4765201201191
