-872.0181551897685
-871.9385883415808
-871.9158057961022
-871.9156710377164
-871.8921370657155
-871.8873654717422
-871.8350143202571
-871.8159894548569
-871.8072430983729
-871.805115509564
-871.8039077220449
-871.7874761042992
-871.785775199314
-871.7839047463955
-871.7825030111266
-871.7603554168985
-871.7595531509859
-871.7422300948243
-871.741435469797
-871.7320340705276
-871.7190229967786
-871.7174058686392
-871.7111144544226
-871.7100560706239
-871.7044579554362
-871.7015201831477
-871.6978663593858
-871.6911607244805
-871.6825671733569
-871.6767539293572
-871.6746573886974
-871.6715944383675
-871.6708978855947
-871.66862348322
-871.6673129455475
-871.6672260262299
-871.6568561789417
-871.6547451584446
-871.6534502519742
-871.6506615003427
-871.6479908709442
-871.6437642382833
-871.6423829315444
-871.6419865646288
-871.6338944790177
-871.63186988389
-871.6193648690794
-871.616502610821
-871.6087839479413
-871.605520142735
-871.603887759256
-871.6027303948983
-871.6016282425031
-871.5883281208395
-871.587862260879
-871.5646767355757
-871.5615287612292
-871.557119601191
-871.5354994133536
-871.5347053760983
-871.5294859178701
-871.520600146642
-871.5071820654834
-871.4964882721514
-871.4796053855553
-871.4650421482753
-871.4581450858113
-871.4507744897284
-871.4408626246171
-871.4361640017516
-871.4347443550706
-871.4161408703914
-871.406771387689
-871.3921133336047
-871.3899299429024
-871.3141266230836
-871.3100514112363
-871.2716190252316
-871.259914292526
-871.2171179261242
-871.1598013743552
-870.9575157449301
-870.7436388891181
-870.6389893601583
-870.2951263984187
