-966.6683633737032
-966.6400353594637
-966.6329929231352
-966.464652484075
-966.4116420568764
-966.2773203059679
-966.2729057580104
-966.2517185270744
-966.1875120254529
-966.1267295994113
-966.3750811058061
-966.3267367072036
-966.2747698151036
-966.2201647254125
-966.1975571697493
-966.1026616790369
-966.0782795113513
-966.053918056895
-966.0436895662433
-965.9633789685457
-966.6979592114639
-966.6619669295633
-966.606724124689
-966.598292127486
-966.3564776481355
-966.3031247261866
-966.1951014499333
-966.1531249334992
-966.1185615748489
-965.9135006501464
-965.821149703994
-966.6979592114639
-966.6683633737032
-966.6619669295633
-966.6400353594637
-966.6329929231352
-966.606724124689
-966.598292127486
-966.464652484075
-966.4116420568764
-966.3750811058061
-966.3564776481355
-966.3267367072036
-966.3031247261866
-966.2773203059679
-966.2747698151036
-966.2729057580104
-966.2517185270744
-966.2201647254125
-966.1975571697493
-966.1951014499333
-966.1875120254529
-966.1531249334992
-966.1267295994113
-966.1185615748489
-966.1026616790369
-966.0782795113513
-966.053918056895
-966.0436895662433
-965.9633789685457
-965.9135006501464
-965.821149703994
