-1007.7252232434596
-1007.7242715571801
-1007.7164158129085
-1007.5233504466988
-1007.5224843044639
-1007.4203113232792
-1007.4096922358044
-1007.3250167246043
-1007.3235354446725
-1007.3158242464611
-1007.3090272985467
-1007.1616837062436
-1007.1604691040809
-1007.1593155686559
-1007.158054100175
-1007.1419977288411
-1007.1333053390938
-1007.1259206369166
-1007.1254202814457
-1007.1081081674167
-1007.1071120791693
-1007.1070304548869
-1007.0446868452538
-1007.0379333756701
-1007.0051492374105
-1006.9913884170231
-1006.9913454164541
-1006.9895699455385
-1006.9635230758141
-1006.9477532369527
-1006.9360380830202
-1006.9206985664877
-1006.9048401074955
-1006.8708580437348
-1006.7856367988409
-1006.4022082984266
