-1113.0692065659905
-1112.8610876908006
-1112.3250258282444
-1112.144346357873
-1112.0229924480525
-1112.0130967587445
-1111.8436766755208
-1111.6502518255481
-1111.3692601634446
-1111.0559796290142
-1110.9095451293044
-1110.8851370553143
-1110.882679541164
-1110.7555127305513
-1110.755449659086
-1110.754892579744
-1110.7460488541874
-1110.7413864469117
-1110.7411108516592
-1110.7189883253814
-1110.5875993977172
-1110.5795554534864
-1110.5044058158555
-1110.50346587246
-1110.0385290179695
-1110.0362139563042
-1109.9896974648018
-1109.7872821144604
-1109.3286525544356
-1109.3276688309593
-1109.2342557177017
-1109.0875953216428
-1109.042663764961
-1108.4635676172754
