-1000.0006129568965
-999.9993899081331
-999.9808652266724
-999.9003449938713
-999.7996214582605
-999.7487235483261
-999.7452055691615
-999.7373133562947
-999.7366352838924
-999.7364172960542
-999.7362778154289
-999.7282253791753
-999.7278277093372
-999.7277804926605
-999.6658701904516
-999.6621577617165
-999.6596203741783
-999.6515324735284
-999.6143466591599
-999.5909903498117
-999.5908691539651
-999.5903338481911
-999.5769599082005
-999.5637734126857
-999.5541110617603
-999.5540731171152
-999.5275096515564
-999.5036047271678
-999.5005667356739
-999.4865264332761
-999.4795723958024
-999.4791747347452
-999.4775289633902
-999.4209412851728
-999.3399094490657
-999.3334270648332
-999.3328053146844
-999.3183460326336
-999.2308631436839
-999.2224069160033
-999.2002024766534
-999.1761841745056
-999.1625561156187
-999.1447766070953
-999.1432400807395
-999.1280657614997
-999.1216538160709
-999.0940772295721
-999.0409709481542
-999.0309718232783
-999.0188435412402
-998.8979288263006
-998.8921471553119
-998.8818936592886
-998.8227516094322
-998.4014295955437
-998.1189246888582
-997.8480607299144
-997.5057614528862
-997.4589642477747
