-1078.0753631644002
-1077.9463370874346
-1077.9447776138484
-1077.9044635940838
-1077.8748753859427
-1077.8464328770708
-1077.8372966842776
-1077.7996133557872
-1077.68955518201
-1077.635225926421
-1077.2995290146735
-1077.282975296075
-1077.2231452224992
-1077.2215263395092
-1077.0698272166026
-1077.0694785736337
-1077.0645011401389
-1077.0177800689396
-1077.0041981796705
-1076.925602013397
-1076.9156411300144
-1076.9139998129262
-1076.9112324109706
-1076.8451296320738
-1076.826857908096
-1076.7859739269
-1076.7230524032339
-1076.5838299890722
-1076.4137401909727
-1076.3864704582688
-1076.3182437463092
-1075.9621672723054
-1075.957698863638
-1075.9247713719537
-1075.7675270977272
-1075.6300471120585
-1075.6258626159156
-1075.6242188097387
