-565.8052889939893
-565.7539414862442
-565.6696939929748
-565.655676656952
-565.6196555778039
-565.6033773395629
-565.5751348920901
-565.5633869016086
-565.5607982287897
-565.5271432637488
-565.5210988863805
-565.5182958653734
-565.5003162043356
-565.4955879630803
-565.4709913717599
-565.4685375220902
-565.4520849854536
-565.449988443773
-565.4364426580435
-565.4294253792478
-565.4106283449561
-565.4043312204383
-565.4007584414646
-565.3996074022824
-565.3990647449657
-565.361689998346
-565.3596593207285
-565.3593278506514
-565.3565356442348
-565.3533999273909
-565.3466624328047
-565.3427703165349
-565.3417352183035
-565.3385552620373
-565.3368445253568
-565.3365912063845
-565.3363729753667
-565.3359442550677
-565.3342412985854
-565.3317218631881
-565.3282489282287
-565.3256339330349
-565.3229475968488
-565.3174550453826
-565.3030933580717
-565.2976764958494
-565.288320988857
-565.2838134617468
-565.2825465439671
-565.2810487409304
-565.2534503738904
-565.2521740662617
-565.2344339757967
-565.2307075186951
-565.1792001325915
-565.1564921206973
-565.0216580550465
-564.9794908454834
-564.7426775454867
-564.6022641699641
