-843.9378913634947
-843.8737368711268
-843.8356088305633
-843.7508470246217
-843.7349187543367
-843.7305365426407
-843.6793872154185
-843.6769357660874
-843.6690421180244
-843.6611073036507
-843.6578768318769
-843.6552244297678
-843.6543241238462
-843.6535406263486
-843.6511172952121
-843.6467015396126
-843.6465591551648
-843.6342886590386
-843.550236804336
-843.5486393875186
-843.5480132623871
-843.5451156499297
-843.5388734053874
-843.5363295853697
-843.5258412766406
-843.4651699137781
-843.4613090084595
-843.4533805638082
-843.4383109110048
-843.3785872285669
-843.3211003476149
-843.2630793020247
-843.2590105347795
