-971.3476837568629
-971.2795684684087
-971.2792120953235
-971.2707488936317
-971.2518583589354
-971.2493889096936
-971.2249281978528
-971.2095315347002
-971.1718065140602
-971.1262868131195
-971.1255558496042
-971.1249023630629
-971.1231859494757
-971.1204034026304
-971.0840636968923
-971.0165429933743
-970.9987407825322
-970.9969901654425
-970.9953274874625
-970.9576068092381
-970.9400364706967
-970.9363366263939
-970.9345218975155
-970.9258553281576
-970.9040856310319
-970.9009328681105
-970.8941411569355
-970.8821395794935
-970.8798740253632
-970.8741169521207
-970.8494084650172
-970.7977528545266
-970.7689357539563
-970.7129283363498
-970.6161593395983
-970.6133733246014
-970.5658521498505
-970.5615217355404
-970.5446005323096
-970.5310704164993
-970.4857826658272
-970.2091606419299
-969.8296023035876
