-1053.0836680835953
-1053.0759404391565
-1053.039230115634
-1053.0066568625687
-1053.0047284830528
-1052.9404211865249
-1052.9403422034773
-1052.8454052469096
-1052.844616530615
-1052.8229964758264
-1052.798854198614
-1052.7279546346415
-1052.611827303402
-1052.5847206987298
-1052.5124060683536
-1052.4923776819667
-1052.418292818757
-1052.367558963049
-1052.3031420358932
-1052.2305957072927
-1052.196994799594
-1052.0728753328215
-1051.9493348348758
-1051.9305306682238
-1051.7861854294886
-1051.6768095073908
-1051.540638292322
-1051.5194293574393
-1051.438104287281
-1051.169717067908
-1049.449362714716
