-1019.3605056902966
-1019.3588965861402
-1019.3584870964772
-1019.3515236332601
-1019.3421885923203
-1019.3419412811797
-1019.3414569439275
-1019.3225096705442
-1019.2948174242401
-1019.2716596869099
-1019.1882853272574
-1019.173145096877
-1019.0734454644648
-1019.0729612085883
-1019.0587174737055
-1019.0569586427778
-1019.0320046386951
-1018.9962485427561
-1018.9911717705371
-1018.9718693817935
-1018.9568285270889
-1018.9288372646839
-1018.8863104827893
-1018.8405313698089
-1018.8402503042523
-1018.7889925617359
-1018.7811296801491
-1018.7537793745264
-1018.7305528426576
-1018.5814314071274
-1018.5460296687745
-1018.5392901373594
-1018.5391342408938
-1018.3456553810078
-1018.1473030941308
