-1028.4160733123665
-1028.413600997615
-1027.9734872554004
-1027.9475870406845
-1027.9311352185616
-1027.838511007168
-1027.8134825608686
-1027.7690103503644
-1027.7688802712987
-1027.7678700897452
-1027.765959657649
-1027.7624103363542
-1027.7440921899188
-1027.74395547563
-1027.7427034832058
-1027.7002233348855
-1027.6927491809938
-1027.6924924467626
-1027.6300051119815
-1027.6165745781357
-1027.6144885294236
-1027.6123241418454
-1027.6079768394702
-1027.5859558985312
-1027.5786286357884
-1027.5535607082763
-1027.4584434427702
-1027.4579692692787
-1027.4199417903974
-1027.396860201269
-1027.3931160196967
-1027.360336643837
-1027.3166659846222
-1027.1514011275815
-1027.071730912564
-1027.0713376633605
-1026.8554416703166
-1026.795652696438
-1026.5719899123008
-1026.5685969249564
-1026.5214099000973
