-966.9108557195293
-966.8919525319982
-966.8456763028726
-966.8316314804001
-966.8308506446407
-966.830704442671
-966.8296589287565
-966.7489514577562
-966.748736268922
-966.7468972932786
-966.7465153709687
-966.7463785660407
-966.7463208875205
-966.7438311598336
-966.741422648935
-966.7411796928301
-966.7398496806026
-966.7390565831117
-966.7386987386046
-966.7376696075029
-966.7347249357593
-966.733833924108
-966.7334548285701
-966.7329944083954
-966.73125541526
-966.7303797611969
-966.7288879722172
-966.7281788979038
-966.7201929774952
-966.6823324065278
-966.4948234188489
-966.4900380300008
-966.4898969795554
-966.4875723821016
-966.4847418919134
-966.3985810260203
-966.3966455080489
-966.3941849320302
-966.3930313603723
-966.3828623624391
-966.3713542057388
-966.2034001016012
-966.1896195990122
-966.1525519293857
-966.1284746764171
-966.0974018151245
-965.587703884589
