-843.9378913634947
-843.8815684669843
-843.8737368711268
-843.859212124793
-843.8356088305633
-843.7508470246217
-843.7349187543367
-843.7305365426407
-843.6793872154185
-843.6769357660874
-843.6690421180244
-843.6688218961415
-843.6666408430458
-843.6650793976352
-843.6614081343433
-843.6611073036507
-843.6578965318402
-843.6578768318769
-843.6552244297678
-843.6543241238462
-843.6535406263486
-843.6511172952121
-843.6467015396126
-843.6465591551648
-843.6424171125543
-843.6363467096909
-843.6342886590386
-843.6253463375324
-843.6025742488532
-843.5991391487495
-843.550236804336
-843.5486393875186
-843.5480132623871
-843.5451156499297
-843.5388734053874
-843.5363295853697
-843.5258412766406
-843.514755961135
-843.4681542666586
-843.4651699137781
-843.4613090084595
-843.4533805638082
-843.4463778984046
-843.4383109110048
-843.4213458079199
-843.4111950280112
-843.3785872285669
-843.3211003476149
-843.2630793020247
-843.2590105347795
-843.2505551361555
-843.1987545055822
-841.9192984608175
