-858.6707290394569
-858.6504619186572
-858.5911106424686
-858.5089780185834
-858.5007452372495
-858.4854062328287
-858.4520734507306
-858.4370940581229
-858.4160709739537
-858.4108156356258
-858.4104643181372
-858.4103800061267
-858.4083727090195
-858.4044425698567
-858.402830888921
-858.3860475846895
-858.3844758351817
-858.3800553150061
-858.3794154368666
-858.3683408413509
-858.3622803677519
-858.3562225983584
-858.3346345120058
-858.3346106749259
-858.3344496912929
-858.3262075551394
-858.3137429262698
-858.3078879534424
-858.2930155553399
-858.2812343689568
-858.2797619901106
-858.2775130863917
-858.2772647126475
-858.2644786676929
-858.2613151812591
-858.23849669372
-858.2211603201891
-858.2202692174969
-858.2130316595108
-858.2090796375309
-858.2070135460111
-858.2049064424373
-858.1980916536187
-858.1828768341779
-858.1602075538129
-858.1550603509719
-858.1405453506882
-857.9996578023348
-857.9004948284454
-857.8841082970592
