-1041.7894431582417
-1041.5506947767653
-1041.549580407665
-1041.4367993857718
-1041.2942075105047
-1041.293041873003
-1041.2889445989306
-1041.1431367073396
-1041.088701807585
-1041.0884248078348
-1041.0754457727107
-1041.075420367139
-1041.0503356532654
-1041.0254111769577
-1040.9307228739792
-1040.9251426242363
-1040.9107116902915
-1040.9027034481003
-1040.8328930547762
-1040.8125880530333
-1040.7706881520564
-1040.7702357865496
-1040.6599594076117
-1040.6371473125187
-1040.6368582291175
-1040.582551180389
-1040.5773651512177
-1040.3888236338883
-1040.3886170003695
-1036.4805661701218
