-980.8467324292209
-980.8465781499388
-980.8385428958933
-980.8376115346754
-980.8365368283885
-980.8140362641615
-980.8020119735066
-980.7149472252488
-980.6804902936644
-980.5357921674188
-980.5351336903901
-980.4020475482895
-980.3957550596137
-980.3905525558298
-980.3895473040006
-980.3892722911871
-980.3880938110224
-980.3866251193116
-980.3865390957137
-980.3862403243076
-980.3844906218337
-980.3730057256363
-980.371448712193
-980.3511064946528
-980.3463536278772
-980.3446587368055
-980.3446299550307
-980.3442258399768
-980.3250203009767
-980.3116566948297
-980.3094496049999
-980.3091355030462
-980.3069845137339
-980.3047731805243
-980.3017064703315
-980.2957280689503
-980.2955757062955
-980.2944172534466
-980.2918588988838
-980.2883349786234
-980.2867538004989
-980.2797116652397
-980.2659221891541
-980.2296214043134
-980.21896647412
-980.1940002387695
-980.1863383510964
-980.1803382444182
-980.1793201921381
-980.1776857983156
-980.1695539918038
-980.1446454691362
-980.1446396348276
-980.1388885156067
-980.1378606523069
-980.135651307526
-980.1349254257234
-980.1347285555926
-980.1025857100418
-980.0804657975602
-980.0461374786559
-979.9715873719055
-979.9373805184238
-979.8507683746974
-979.8446500102938
-979.7810658424556
-979.7797894541504
-979.6673646504
-979.3872261861673
-979.3870611431302
-978.7057620106876
-976.6271313828094
-976.593032148647
-976.3657527325568
-976.3657527325568
-976.1923126999405
