-1256.4135392549852
-1256.2390634762503
-1256.2378260128544
-1256.1817563480372
-1256.1590140167546
-1256.1575192234236
-1256.0606802884918
-1256.0600920172374
-1256.059017437978
-1256.0559070849167
-1256.0551173599943
-1256.0543965884349
-1256.0459505963256
-1256.0438476684053
-1255.7984722509239
-1255.7981070014605
-1255.5182059465096
-1255.5161297262164
-1255.5161144482543
-1255.27396321523
-1255.2156617129494
-1255.2023591400261
-1255.175623063482
-1255.1711547292548
-1255.135098624445
-1254.6734853990608
-1254.342434872305
-1254.3409747967437
