-986.1542441561677
-986.1312576725759
-986.1224886789907
-986.1213189042087
-986.110086401859
-986.0985293193131
-986.0565223724192
-986.0528861391969
-986.0352534900401
-986.0323314633624
-985.9772706521754
-985.9640479352553
-985.9270543029874
-985.9143232813789
-985.9142555564304
-985.8885236028402
-985.8603956954531
-985.85967960763
-985.8561799003656
-985.856097840099
-985.8559566024147
-985.8325062875998
-985.7986553243188
-985.7790577052551
-985.7703138441112
-985.7684323536862
-985.753189599667
-985.7478448735978
-985.7316500200975
-985.7058999848075
-985.6513015264227
-985.625142934191
-985.6251060654429
-985.5613932488181
-985.4773636636015
-985.4768541719388
-985.4766868942924
-985.434647395037
-985.4245221294818
-985.1996315036839
-985.1213368159537
-984.9810145211029
-984.9011067590083
