-1031.1632296023743
-1031.1583868091614
-1031.1574933438428
-1031.093490643411
-1030.9379146981755
-1030.922752908075
-1030.6978834044157
-1030.649558405174
-1030.5972476678178
-1030.5744679074064
-1030.5740828515281
-1030.4535053113234
-1030.374732968327
-1030.1578789532082
-1029.5582394652101
-1029.5318994681418
-1029.0601677929026
-1029.027139856741
-1028.880899610261
-1028.7757503915698
-1028.166216761186
-1027.9410573471507
-1027.6425613427755
-1027.1379171744159
-1027.053722847942
-1026.6175738784561
