-984.2385374948038
-984.0788210715117
-984.0748636967951
-984.0609121640625
-984.0597363993488
-984.0561505937156
-984.0507050126351
-984.050333895954
-983.9864784545805
-983.8330814090136
-983.7727980577977
-983.681840308625
-983.6057561345324
-983.5709117873666
-983.5668483429533
-983.5149678385412
-983.4390144912296
-983.4015957064787
-983.4010374739172
-983.2658126429776
-983.2154284978111
-983.1620944629339
-983.0329510945328
-982.9768870649158
-982.8060130651606
-982.780234177738
-982.776333907307
-982.0648946825668
