-735.7253884878351
-735.7233806722955
-735.7026840065378
-735.6688581756008
-735.6627884424652
-735.6267656892131
-735.6172916726612
-735.6038664167284
-735.5955521736358
-735.5232632901865
-735.4876586481248
-735.4780943357448
-735.4659085800434
-735.4651709415167
-735.4645001736724
-735.4639798239458
-735.4621210635352
-735.4602896124688
-735.4260792990618
-735.405673257061
-735.3515017586423
-735.3058067622404
-735.3027506948539
-735.30196392891
-735.3018626948826
-735.3012133717431
-735.3002340470844
-735.2615816668604
-735.2572564673661
-735.0970276952859
