-1271.1713796706724
-1271.1401347919607
-1271.0958286100106
-1271.0921136473792
-1271.076637979013
-1271.0500030402948
-1271.029634479446
-1271.028471753578
-1271.0273674331993
-1271.016996350762
-1270.9820474934695
-1270.9451522561367
-1270.9084198277073
-1270.8980457851667
-1270.8977331058843
-1270.8500688216736
-1270.8464531805248
-1270.8460974197885
-1270.8364043349152
-1270.8304765603095
-1270.828575296701
-1270.8182047677753
-1270.7850838142156
-1270.7662482031758
-1270.763061871925
-1270.7613139347702
-1270.7559599686215
-1270.7122865209285
-1270.6718630116025
-1270.64601885333
-1270.5488249608863
-1270.5488249608863
-1270.468050243208
