-1014.3735091280246
-1014.3722952619848
-1014.3711638751635
-1014.2770827284716
-1014.2768692283292
-1014.2762120337626
-1014.1292443322089
-1013.9768420666044
-1013.8878907407307
-1013.8513549250594
-1013.8317047331461
-1013.7218491143385
-1013.6884469076598
-1013.6870194465282
-1013.6537024287454
-1013.5735599944053
-1013.5669535699012
-1013.5070393793402
-1013.5033297683653
-1013.5022902565655
-1013.4797329935152
-1013.4749085650025
-1013.4459028498019
-1013.3647095774446
-1013.3426639484255
-1013.3325881221597
-1013.3213066655888
-1013.3208040342515
-1013.3141871971314
-1013.2709813825891
-1013.2360198752453
-1013.2226950435233
-1013.2165484641683
-1013.2075819541839
-1013.1043575718459
-1013.1013685229107
-1013.0956895578869
-1013.0708153345867
-1013.0353472734968
-1013.0350549922341
-1013.0262985846166
-1013.0088956818465
-1012.9418659652287
-1012.9166260168766
-1012.8658664796491
-1012.757698799791
-1012.753213907004
-1012.7475554225557
-1012.6548945969009
-1007.5997768589802
