-1137.49124373195
-1137.4891935613298
-1137.4857313620603
-1137.4848674031007
-1137.4226130931338
-1137.412675285096
-1137.3880096402322
-1137.3843356541504
-1137.3579292095374
-1137.3254089268025
-1137.3227551483856
-1137.321363562773
-1137.3081911265772
-1137.2918354879273
-1137.2586764367663
-1137.2178992513434
-1137.2083064513324
-1137.195638341345
-1137.1611209789448
-1137.1609551197969
-1137.1501854032044
-1137.1477852728171
-1137.0938478030432
-1137.0618796284825
-1137.0067187743134
-1136.9776734498166
-1136.9691293007868
-1136.9156032579167
-1136.8856328124807
-1136.8622355324524
-1136.7285236175703
