-1152.4469036497735
-1152.400437428453
-1152.3938191775378
-1152.3266280940609
-1152.3266280940609
-1152.3131128300183
-1152.3131128300183
-1152.2990863710404
-1152.2971668074647
-1152.2935656619559
-1152.2924342466504
-1152.28120306493
-1152.2772933761908
-1152.2763168878514
-1152.2674716927083
-1152.2507164786468
-1152.2288338233402
-1152.2222077207796
-1152.2198880923402
-1152.2148961701469
-1152.2024853025343
-1152.197586620035
-1152.1937250219944
-1152.1874591119781
-1152.186861512889
-1152.1846520585646
-1152.1661990459013
-1152.1635215351423
-1152.1546606231498
-1152.152730697549
-1152.1293757558922
-1152.0849892081249
-1152.0649115399856
-1152.0344712835022
-1152.021122461367
-1152.0078319851004
-1152.0034273437896
-1151.9994849878349
-1151.9988891846106
-1151.9720212112297
-1151.884505273123
-1151.8659269406867
-1151.8155113767893
-1151.803831810426
-1151.7105671352747
-1151.656590362174
-1151.6513109930927
-1151.6419203197997
-1151.6109765777192
-1151.2266326455
-1150.8501412314456
-1150.8166276859783
